SPEAKER         id       #SENT      #WORD       Corr        Sub        Ins        Del        Err      S.Err
CD0AM           raw        519       1637       1586         28          3         23         54         35
CD0AM           sys        519       1637      96.88       1.71       0.18       1.41       3.30       6.74
CD0BM           raw        519       1639       1592         25         13         22         60         43
CD0BM           sys        519       1639      97.13       1.53       0.79       1.34       3.66       8.29
CD1AF           raw        520       1640       1595         26          6         19         51         36
CD1AF           sys        520       1640      97.26       1.59       0.37       1.16       3.11       6.92
CD32F           raw        520       1640       1612          6         18         22         46         44
CD32F           sys        520       1640      98.29       0.37       1.10       1.34       2.80       8.46
SUM             raw       2078       6556       6385         85         40         86        211        158
SUM             sys       2078       6556      97.39       1.30       0.61       1.31       3.22       7.60
